0
0
0
0
0
0
0
0
0
0
0
0
0
0
0
0
0
0
0
0
0
0
0
0
0
0
0
0
0
0
0
0
0
0
0
0
0
0
0
0
0
0
0
0
0
0
0
0
0
0
0
0
0
0
0
0
0
0
0
0
0
0
0
32
32
32
32
32
32
32
32
32
32
32
32
32
32
32
32
32
32
32
32
32
32
32
32
32
32
32
32
32
32
32
32
0
0
0
32
32
32
32
32
32
32
32
32
32
0
0
0
1
1
0
0
0
1
1
1
1
1
1
1
1
1
1
1
1
1
1
1
1
0
0
0
0
0
0
1
1
1
1
0
0
0
0
32
32
32
32
32
32
32
32
32
32
32
32
32
32
32
32
32
32
0
0
0
0
0
1
1
1
1
1
1
1
0
0
0
0
2
2
2
2
2
2
2
2
2
0
0
0
0
16
16
16
16
16
16
0
0
0
0
1
1
1
1
1
1
0
0
0
0
32
32
32
32
32
32
32
32
32
32
32
32
32
32
32
32
32
0
0
0
0
0
0
0
1
1
1
1
1
0
0
0
0
0
32
32
32
32
32
32
32
32
32
32
32
32
32
32
32
32
0
0
0
0
0
4
4
4
4
4
4
4
4
4
1
1
1
0
0
0
0
0
32
32
32
32
32
32
32
32
32
32
32
32
32
32
32
32
32
32
32
32
36
36
4
4
4
0
0
1
1
0
0
0
0
0
0
0
0
0
0
0
0
0
0
0
0
0
0
0
0
0
0
0
0
0
0
0
